x_cords,allele_frequency
-500,1.5175617048252708e-09
-499,1.5317963366814129e-09
-498,1.5494453694871171e-09
-497,1.5705161865113342e-09
-496,1.5950374672958006e-09
-495,1.6230356178042033e-09
-494,1.654529324458958e-09
-493,1.689527522026148e-09
-492,1.7280292966564066e-09
-491,1.7700248149931639e-09
-490,1.8154967234696513e-09
-489,1.8644216947249052e-09
-488,1.9167719433733022e-09
-487,1.9725166208283668e-09
-486,2.0316230500304727e-09
-485,2.0940577899008334e-09
-484,2.1597875350192856e-09
-483,2.2287798638488503e-09
-482,2.301003852107823e-09
-481,2.376430568604071e-09
-480,2.455033470179017e-09
-479,2.536788711057739e-09
-478,2.621675380270959e-09
-477,2.709675679133407e-09
-476,2.8007750491530994e-09
-475,2.8949622592691547e-09
-474,2.992229459995405e-09
-473,3.0925722108874055e-09
-472,3.1959894867440494e-09
-471,3.3024836670890534e-09
-470,3.4120605127371095e-09
-469,3.5247291326194222e-09
-468,3.6405019435089336e-09
-467,3.759394624833812e-09
-466,3.881426070386559e-09
-465,4.00661833841522e-09
-464,4.134996601313602e-09
-463,4.266589095901105e-09
-462,4.401427075093428e-09
-461,4.5395447616070365e-09
-460,4.6809793042084144e-09
-459,4.825770736909204e-09
-458,4.973961941417419e-09
-457,5.125598613079405e-09
-456,5.2807292304855446e-09
-455,5.439405028861599e-09
-454,5.6016799773264525e-09
-453,5.767610760063512e-09
-452,5.9372567614261225e-09
-451,6.110680054976443e-09
-450,6.287945396440374e-09
-449,6.469120220548888e-09
-448,6.65427464172654e-09
-447,6.843481458581535e-09
-446,7.036816162147376e-09
-445,7.234356947823629e-09
-444,7.436184730962699e-09
-443,7.642383166049667e-09
-442,7.853038669423945e-09
-441,8.068240445493726e-09
-440,8.288080516397126e-09
-439,8.512653755067639e-09
-438,8.74205792166527e-09
-437,8.976393703338797e-09
-436,9.215764757288922e-09
-435,9.460277757104899e-09
-434,9.71004244235029e-09
-433,9.96517167137923e-09
-432,1.0225781477372676e-08
-431,1.0491991127589863e-08
-430,1.0763923185836502e-08
-429,1.1041703578156213e-08
-428,1.132546166175689e-08
-427,1.1615330297188846e-08
-426,1.1911445923796416e-08
-425,1.2213948638469791e-08
-424,1.2522982277728696e-08
-423,1.2838694503174633e-08
-422,1.316123689035306e-08
-421,1.3490765021072333e-08
-420,1.382743857923041e-08
-419,1.417142145020605e-08
-418,1.4522881823875386e-08
-417,1.4881992301320283e-08
-416,1.5248930005299082e-08
-415,1.562387669455598e-08
-414,1.600701888204946e-08
-413,1.639854795718532e-08
-412,1.6798660312144738e-08
-411,1.7207557472402545e-08
-410,1.7625446231535586e-08
-409,1.8052538790425776e-08
-408,1.8489052900967725e-08
-407,1.8935212014394645e-08
-406,1.939124543434137e-08
-405,1.985738847476819e-08
-404,2.033388262287281e-08
-403,2.0820975707122818e-08
-402,2.131892207054492e-08
-401,2.182798274941094e-08
-400,2.2348425657464888e-08
-399,2.288052577583783e-08
-398,2.3424565348801282e-08
-397,2.3980834085511577e-08
-396,2.454962936789957e-08
-395,2.513125646486165e-08
-394,2.5726028752907725e-08
-393,2.6334267943420928e-08
-392,2.695630431668202e-08
-391,2.7592476962807134e-08
-390,2.824313402974196e-08
-389,2.8908632978447184e-08
-388,2.9589340845399024e-08
-387,3.028563451251488e-08
-386,3.099790098459428e-08
-385,3.172653767434415e-08
-384,3.247195269502573e-08
-383,3.323456516072654e-08
-382,3.4014805494214996e-08
-381,3.481311574228188e-08
-380,3.5629949898407364e-08
-379,3.646577423251572e-08
-378,3.732106762748814e-08
-377,3.819632192200338e-08
-376,3.909204225915804e-08
-375,4.000874744018029e-08
-374,4.094697028007466e-08
-373,4.19072579641434e-08
-372,4.289017243364452e-08
-371,4.389629080321736e-08
-370,4.492620579933826e-08
-369,4.5980526215954763e-08
-368,4.705987738509817e-08
-367,4.8164901661193e-08
-366,4.9296258918377655e-08
-365,5.04546270605406e-08
-364,5.164070254402618e-08
-363,5.285520091312223e-08
-362,5.409885734854122e-08
-361,5.537242722915938e-08
-360,5.6676686707311724e-08
-359,5.8012433297945076e-08
-358,5.9380486481931825e-08
-357,6.07816883238321e-08
-356,6.221690410437222e-08
-355,6.368702296788317e-08
-354,6.519295858491251e-08
-353,6.673564983018953e-08
-352,6.831606147608617e-08
-351,6.993518490167608e-08
-350,7.159403881744694e-08
-349,7.329367000567523e-08
-348,7.503515407641361e-08
-347,7.681959623898737e-08
-346,7.864813208882578e-08
-345,8.05219284093883e-08
-344,8.244218398886162e-08
-343,8.441013045122149e-08
-342,8.642703310115722e-08
-341,8.84941917822511e-08
-340,9.06129417476936e-08
-339,9.278465454268612e-08
-338,9.501073889754793e-08
-337,9.729264163039002e-08
-336,9.963184855805358e-08
-335,1.0202988541382736e-07
-334,1.044883187702588e-07
-333,1.0700875696515323e-07
-332,1.0959285102861682e-07
-331,1.12242295608736e-07
-330,1.1495882989319273e-07
-329,1.1774423852381367e-07
-328,1.2060035250068977e-07
-327,1.235290500721431e-07
-326,1.2653225760639935e-07
-325,1.2961195044037684e-07
-324,1.3277015370052138e-07
-323,1.3600894309007747e-07
-322,1.3933044563661338e-07
-321,1.4273684039298072e-07
-320,1.462303590842112e-07
-319,1.4981328669209895e-07
-318,1.534879619684123e-07
-317,1.5725677786679224e-07
-316,1.611221818824452e-07
-315,1.6508667628769036e-07
-314,1.6915281825030941e-07
-313,1.7332321982041144e-07
-312,1.7760054777022178e-07
-311,1.8198752326976124e-07
-310,1.8648692137984772e-07
-309,1.9110157034217605e-07
-308,1.9583435064444144e-07
-307,2.0068819383651887e-07
-306,2.0566608107163335e-07
-305,2.1077104134420046e-07
-304,2.1600614939360646e-07
-303,2.2137452324060508e-07
-302,2.2687932132024278e-07
-301,2.3252373917225255e-07
-300,2.3831100564670925e-07
-299,2.4424437857936505e-07
-298,2.5032713988753133e-07
-297,2.5656259003359056e-07
-296,2.6295404179925103e-07
-295,2.695048133094864e-07
-294,2.76218220240741e-07
-293,2.830975671434594e-07
-292,2.9014613780434085e-07
-291,2.973671845689456e-07
-290,3.0476391654048315e-07
-289,3.123394865657969e-07
-288,3.2009697691489157e-07
-287,3.2803938355587596e-07
-286,3.3616959892309206e-07
-285,3.444903930726793e-07
-284,3.530043931170514e-07
-283,3.6171406082812933e-07
-282,3.706216682989679e-07
-281,3.7972927155516464e-07
-280,3.8903868201170476e-07
-279,3.9855143567842077e-07
-278,4.082687600289666e-07
-277,4.181915384652271e-07
-276,4.283202723329285e-07
-275,4.3865504047658096e-07
-274,4.4919545636518185e-07
-273,4.599406228769997e-07
-272,4.708890849060236e-07
-271,4.820387800486637e-07
-270,4.933869877528117e-07
-269,5.049302774696102e-07
-268,5.166644565504202e-07
-267,5.285845188891985e-07
-266,5.406845956386265e-07
-265,5.529579097460013e-07
-264,5.653967365863962e-07
-263,5.779923736472787e-07
-262,5.90735123080908e-07
-261,6.036142920401091e-07
-260,6.166182171159955e-07
-259,6.29734320987783e-07
-258,6.429492116822875e-07
-257,6.56248837755363e-07
-256,6.696187163967353e-07
-255,6.83044256040622e-07
-254,6.965112004225674e-07
-253,7.100062258965161e-07
-252,7.235177208105598e-07
-251,7.370367112520224e-07
-250,7.505565977838064e-07
-249,7.640855430748e-07
-248,7.776726627325026e-07
-247,7.913724554544452e-07
-246,8.052402343202773e-07
-245,8.193318023884384e-07
-244,8.337027296379033e-07
-243,8.484078640428406e-07
-242,8.635010483301857e-07
-241,8.790349898663315e-07
-240,8.950612398952713e-07
-239,9.116302491504283e-07
-238,9.287914757267388e-07
-237,9.465935278254077e-07
-236,9.650843289639339e-07
-235,9.843112968974513e-07
-234,1.0043215301657036e-06
-233,1.0251619981239533e-06
-232,1.046879731728823e-06
-231,1.0695220133742916e-06
-230,1.0931365648131354e-06
-229,1.117771732731598e-06
-228,1.1434766719261407e-06
-227,1.1703015263019218e-06
-226,1.1982976081034772e-06
-225,1.2275175759210918e-06
-224,1.2580156121080335e-06
-223,1.2898476003061916e-06
-222,1.323071303819586e-06
-221,1.357746545603377e-06
-220,1.3939353906550984e-06
-219,1.4317023316085628e-06
-218,1.4711144783418091e-06
-217,1.5122417524205628e-06
-216,1.5551570872093612e-06
-215,1.5999366344949131e-06
-214,1.6466599784810219e-06
-213,1.6954103580323914e-06
-212,1.7462748980660003e-06
-211,1.7993448510140502e-06
-210,1.8547158493120482e-06
-209,1.9124881698994487e-06
-208,1.9727670117589227e-06
-207,2.0356627875637746e-06
-206,2.1012914305517083e-06
-205,2.169774717796949e-06
-204,2.2412406111123562e-06
-203,2.3158236168784007e-06
-202,2.393665166167453e-06
-201,2.4749140166097026e-06
-200,2.559726677531675e-06
-199,2.648267859990296e-06
-198,2.7407109534248007e-06
-197,2.8372385307563055e-06
-196,2.938042883880857e-06
-195,3.043326591626879e-06
-194,3.1533031223826446e-06
-193,3.2681974737444724e-06
-192,3.3882468516923713e-06
-191,3.513701391967607e-06
-190,3.6448249265071705e-06
-189,3.781895797983624e-06
-188,3.925207725707388e-06
-187,4.075070726371839e-06
-186,4.2318120933619215e-06
-185,4.395777438604883e-06
-184,4.567331801218769e-06
-183,4.746860827511609e-06
-182,4.934772027203733e-06
-181,5.131496111088538e-06
-180,5.33748841571544e-06
-179,5.553230421074205e-06
-178,5.77923136768475e-06
-177,6.016029979952761e-06
-176,6.264196303141802e-06
-175,6.5243336618390755e-06
-174,6.797080748357837e-06
-173,7.08311385012755e-06
-172,7.3831492257761336e-06
-171,7.697945640310853e-06
-170,8.028307070559525e-06
-169,8.375085592844839e-06
-168,8.739184465737155e-06
-167,9.121561421669758e-06
-166,9.523232182208701e-06
-165,9.945274212855426e-06
-164,1.0388830734427042e-05
-163,1.0855115009315707e-05
-162,1.1345414922279244e-05
-161,1.1861097876870183e-05
-160,1.2403616030174856e-05
-159,1.2974511890219663e-05
-158,1.357542430221499e-05
-157,1.4208094851760473e-05
-156,1.4874374715238293e-05
-155,1.5576231989886395e-05
-154,1.6315759538482733e-05
-153,1.7095183386200748e-05
-152,1.7916871710027535e-05
-151,1.8783344464187893e-05
-150,1.96972836883066e-05
-149,2.0661544548585624e-05
-148,2.1679167166094837e-05
-147,2.275338929039529e-05
-146,2.3887659881156763e-05
-145,2.5085653665223513e-05
-144,2.6351286741750196e-05
-143,2.7688733313606178e-05
-142,2.9102443629261595e-05
-141,3.0597163225861455e-05
-140,3.217795357119834e-05
-139,3.385021420985784e-05
-138,3.561970652697439e-05
-137,3.74925792518497e-05
-136,3.947539583320433e-05
-135,4.157516382811297e-05
-134,4.379936645777982e-05
-133,4.615599649530509e-05
-132,4.8653592663557983e-05
-131,5.130127873527716e-05
-130,5.410880554266301e-05
-129,5.70865961200888e-05
-128,6.0245794221255755e-05
-127,6.359831647124816e-05
-126,6.71569084346397e-05
-125,7.093520490318209e-05
-124,7.494779473082459e-05
-123,7.921029057001172e-05
-122,8.373940389155786e-05
-121,8.855302570109038e-05
-120,9.367031339826843e-05
-119,9.911178426095921e-05
-118,0.00010489941607550065
-117,0.0001110567554763678
-116,0.00011760903460426096
-115,0.00012458329674114288
-114,0.00013200853163441471
-113,0.00013991582128056553
-112,0.00014833849700167368
-111,0.00015731230871648998
-110,0.00016687560738194452
-109,0.00017706954166131738
-108,0.0001879382699625236
-107,0.00019952918908458067
-106,0.0002118931808130362
-105,0.0002250848779165818
-104,0.00023916295111811586
-103,0.00025419041874490827
-102,0.0002702349809052619
-101,0.0002873693801941014
-100,0.00030567179109838296
-99,0.0003252262404563076
-98,0.0003461230615233213
-97,0.0003684593844142717
-96,0.0003923396659263745
-95,0.00041787626200359256
-94,0.00044519004638148083
-93,0.0004744110792545466
-92,0.0005056793301380057
-91,0.0005391454594548505
-90,0.0005749716637701834
-89,0.0006133325900206212
-88,0.0006544163245505939
-87,0.0006984254632729451
-86,0.0007455782698224166
-85,0.0007961099291714062
-84,0.0008502739048327226
-83,0.0009083434084887509
-82,0.0009706129916663601
-81,0.001037400269927939
-80,0.0011090477909780367
-79,0.0011859250590995078
-78,0.0012684307294410565
-77,0.0013569949868883998
-76,0.001452082125573951
-75,0.001554193346525446
-74,0.0016638697925344995
-73,0.00178169584105426
-72,0.001908302677825889
-71,0.0020443721760017293
-70,0.002190641107796526
-69,0.0023479057181755403
-68,0.002517026692800759
-67,0.0026989345554269116
-66,0.002894635533192259
-65,0.003105217931813504
-64,0.003331859066599465
-63,0.003575832799478278
-62,0.0038385177369242253
-61,0.00412140614881304
-60,0.00442611367387314
-59,0.004754389883582842
-58,0.00510812978314308
-57,0.0054893863355899505
-56,0.005900384103264165
-55,0.006343534109795318
-54,0.006821450035562107
-53,0.0073369658703385555
-52,0.007893155158619145
-51,0.008493351986029306
-50,0.009141173869377576
-49,0.00984054672840248
-48,0.010595732134234374
-47,0.011411357048157203
-46,0.012292446284557453
-45,0.013244457954131577
-44,0.014273322167644814
-43,0.015385483306952078
-42,0.01658794619877326
-41,0.017888326558031076
-40,0.01929490610157983
-39,0.02081669277005323
-38,0.022463486535499892
-37,0.024245951315622738
-36,0.02617569356193228
-35,0.028265348139100456
-34,0.03052867216636765
-33,0.0329806475491013
-32,0.03563759298959962
-31,0.03851728633103635
-30,0.04163909815712552
-29,0.04502413764277241
-28,0.048695411727921606
-27,0.052677998768534864
-26,0.05699923790611881
-25,0.06168893549230683
-24,0.06677959001091612
-23,0.07230663706222919
-22,0.07830871612239655
-21,0.08482796098045212
-20,0.09191031601221251
-19,0.09960588081640345
-18,0.10796928628259211
-17,0.1170601059956963
-16,0.12694330819385113
-15,0.13768975559429902
-14,0.14937676380640266
-13,0.16208873465415063
-12,0.17591789009526704
-11,0.19096514836127962
-10,0.20734121167842742
-9,0.22516798457483572
-8,0.24458053387798062
-7,0.26572998035677037
-6,0.28878808039656806
-5,0.31395507604864614
-4,0.34147441593469524
-3,0.3716637260661416
-2,0.40499192931989575
-1,0.4423401053648288
0,0.48706581334443616
1,0.5367834062577493
2,0.5769265976508886
3,0.6121040667358917
4,0.64378892152858
5,0.672596839614394
6,0.6989059708299884
7,0.7229912546740969
8,0.7450720177106294
9,0.7653329712869592
10,0.7839348287712851
11,0.8010202410406874
12,0.8167174026905227
13,0.8311424124112524
14,0.844400927391623
15,0.8565893970487419
16,0.8677960338686851
17,0.8781016118618425
18,0.8875801461761131
19,0.8962994864520388
20,0.9043218443176874
21,0.9117042681921069
22,0.9184990742064655
23,0.9247542393841759
24,0.9305137615655492
25,0.9358179895183383
26,0.9407039260035905
27,0.9452055061219438
28,0.9493538529607239
29,0.9531775123429859
30,0.9567026683133524
31,0.959953340861691
32,0.9629515672724367
33,0.9657175683874549
34,0.9682699009792635
35,0.9706255973470823
36,0.9728002931688611
37,0.9748083445677204
38,0.9766629352805294
39,0.9783761747496573
40,0.9799591878959961
41,0.9814221972723023
42,0.9827745982404306
43,0.9840250277643471
44,0.9851814273625434
45,0.9862511007186852
46,0.987240766407804
47,0.9881566061569406
48,0.9890043090237206
49,0.9897891118436548
50,0.990515836266992
51,0.991188922678324
52,0.991812461266866
53,0.9923902204921451
54,0.9929256731686
55,0.9934220203732116
56,0.9938822133624672
57,0.994308973668832
58,0.9947048115320195
59,0.9950720428068637
60,0.9954128044772768
61,0.9957290688944941
62,0.9960226568475419
63,0.996295249564535
64,0.9965483997348326
65,0.9967835416343273
66,0.9970020004290086
67,0.9972050007255191
68,0.9973936744314531
69,0.997569067982826
70,0.9977321489911759
71,0.9978838123583286
72,0.9980248859027099
73,0.9981561355374291
74,0.998278270036886
75,0.9983919454255864
76,0.9984977690200108
77,0.998596303151743
78,0.9986880685977786
79,0.9987735477416932
80,0.9988531874874063
81,0.9989274019454827
82,0.9989965749102283
83,0.9990610621443439
84,0.9991211934865294
85,0.9991772747961299
86,0.9992295897478086
87,0.9992784014881049
88,0.9993239541648379
89,0.9993664743393696
90,0.9994061722909533
91,0.9994432432216477
92,0.9994778683695773
93,0.9995102160377106
94,0.9995404425447312
95,0.9995686931040784
96,0.9995951026367154
97,0.9996197965227609
98,0.9996428912967148
99,0.99966449529061
100,0.9996847092291092
101,0.9997036267802231
102,0.9997213350650513
103,0.9997379151296797
104,0.9997534423821071
105,0.9997679869968696
106,0.9997816142898208
107,0.9997943850653017
108,0.9998063559378279
109,0.9998175796301658
110,0.999828105249619
111,0.9998379785441299
112,0.9998472421397351
113,0.9998559357607397
114,0.9998640964339205
115,0.9998717586779509
116,0.9998789546791205
117,0.9998857144544027
118,0.9998920660027713
119,0.9998980354456524
120,0.9999036471573112
121,0.9999089238859207
122,0.9999138868659725
123,0.9999185559226915
124,0.9999229495690256
125,0.9999270850957573
126,0.9999309786552318
127,0.9999346453391665
128,0.9999380992509876
129,0.9999413535730667
130,0.9999444206292372
131,0.9999473119429363
132,0.9999500382912763
133,0.9999526097553458
134,0.9999550357670111
135,0.9999573251524589
136,0.9999594861727263
137,0.9999615265614231
138,0.9999634535598592
139,0.9999652739497329
140,0.9999669940835907
141,0.999968619913192
142,0.9999701570159281
143,0.9999716106194398
144,0.9999729856245607
145,0.9999742866266955
146,0.9999755179357499
147,0.9999766835947117
148,0.9999777873969771
149,0.9999788329025067
150,0.9999798234529004
151,0.9999807621854558
152,0.999981652046288
153,0.9999824958025747
154,0.9999832960539783
155,0.9999840552433223
156,0.9999847756665484
157,0.9999854594820116
158,0.9999861087191823
159,0.9999867252867485
160,0.9999873109802101
161,0.9999878674889535
162,0.9999883964028833
163,0.9999888992186092
164,0.9999893773452365
165,0.999989832109779
166,0.9999902647622174
167,0.9999906764802395
168,0.9999910683736735
169,0.9999914414886268
170,0.9999917968113727
171,0.9999921352719825
172,0.9999924577477269
173,0.9999927650662601
174,0.9999930580086033
175,0.9999933373119447
176,0.9999936036722479
177,0.9999938577467178
178,0.9999941001560928
179,0.9999943314868052
180,0.9999945522930023
181,0.9999947630984451
182,0.9999949643982866
183,0.9999951566607391
184,0.9999953403286423
185,0.9999955158209339
186,0.9999956835340319
187,0.999995843843126
188,0.9999959971033997
189,0.999996143651172
190,0.9999962838049706
191,0.9999964178665479
192,0.9999965461218212
193,0.9999966688417743
194,0.9999967862832901
195,0.9999968986899488
196,0.9999970062927641
197,0.9999971093108868
198,0.9999972079522644
199,0.9999973024142579
200,0.9999973928842312
201,0.9999974795400994
202,0.9999975625508528
203,0.9999976420770446
204,0.9999977182712523
205,0.9999977912785194
206,0.9999978612367674
207,0.9999979282771824
208,0.9999979925245903
209,0.9999980540978077
210,0.999998113109964
211,0.9999981696688295
212,0.9999982238771082
213,0.9999982758327186
214,0.9999983256290723
215,0.9999983733553262
216,0.9999984190966344
217,0.9999984629343794
218,0.9999985049464013
219,0.9999985452072179
220,0.9999985837882298
221,0.9999986207579281
222,0.9999986561820922
223,0.9999986901239755
224,0.9999987226445002
225,0.9999987538024375
226,0.9999987836545854
227,0.9999988122559567
228,0.9999988396599506
229,0.9999988659185297
230,0.9999988910824
231,0.9999989152011889
232,0.9999989383236221
233,0.9999989604977133
234,0.9999989817709397
235,0.9999990021904348
236,0.999999021803176
237,0.9999990406561707
238,0.9999990587966558
239,0.9999990762722784
240,0.9999990931312821
241,0.9999991094226817
242,0.999999125196414
243,0.9999991405034712
244,0.9999991553959791
245,0.9999991699272222
246,0.9999991841515685
247,0.9999991981242757
248,0.9999992119011066
249,0.9999992255377201
250,0.9999992390889005
251,0.9999992526091062
252,0.9999992661294668
253,0.9999992796456385
254,0.999999293150214
255,0.9999993066327839
256,0.9999993200807714
257,0.9999993334803013
258,0.9999993468168842
259,0.9999993600759365
260,0.9999993732431568
261,0.9999993863048013
262,0.9999993992478688
263,0.9999994120602307
264,0.9999994247307026
265,0.9999994372490879
266,0.9999994496061881
267,0.9999994617937923
268,0.9999994738046536
269,0.9999994856324568
270,0.9999994972717683
271,0.9999995087179964
272,0.9999995199673325
273,0.9999995310167118
274,0.999999541863747
275,0.9999995525066864
276,0.9999995629443603
277,0.9999995731761322
278,0.9999995832018532
279,0.9999995930218202
280,0.9999996026367288
281,0.9999996120476393
282,0.9999996212559383
283,0.9999996302633041
284,0.9999996390716744
285,0.9999996476832138
286,0.9999996561002955
287,0.999999664325464
288,0.9999996723614217
289,0.9999996802110043
290,0.999999687877156
291,0.9999996953629189
292,0.9999997026714129
293,0.99999970980582
294,0.9999997167693733
295,0.9999997235653406
296,0.999999730197018
297,0.9999997366677171
298,0.9999997429807554
299,0.9999997491394508
300,0.9999997551471089
301,0.9999997610070208
302,0.9999997667224592
303,0.9999997722966658
304,0.999999777732856
305,0.9999997830342049
306,0.9999997882038528
307,0.9999997932448965
308,0.9999997981603866
309,0.9999998029533284
310,0.9999998076266803
311,0.9999998121833473
312,0.9999998166261839
313,0.9999998209579921
314,0.999999825181521
315,0.9999998292994636
316,0.9999998333144589
317,0.9999998372290919
318,0.9999998410458923
319,0.9999998447673359
320,0.9999998483958414
321,0.9999998519337764
322,0.9999998553834524
323,0.9999998587471259
324,0.9999998620270031
325,0.9999998652252371
326,0.9999998683439283
327,0.9999998713851284
328,0.9999998743508368
329,0.999999877243005
330,0.9999998800635354
331,0.9999998828142799
332,0.9999998854970493
333,0.9999998881136054
334,0.9999998906656634
335,0.9999998931548987
336,0.9999998955829354
337,0.9999998979513645
338,0.9999999002617308
339,0.9999999025155419
340,0.999999904714264
341,0.9999999068593228
342,0.9999999089521076
343,0.999999910993973
344,0.9999999129862372
345,0.9999999149301821
346,0.9999999168270557
347,0.9999999186780746
348,0.9999999204844183
349,0.99999992224724
350,0.9999999239676606
351,0.9999999256467695
352,0.9999999272856294
353,0.9999999288852707
354,0.9999999304466995
355,0.9999999319708927
356,0.9999999334588037
357,0.9999999349113575
358,0.9999999363294563
359,0.9999999377139759
360,0.9999999390657704
361,0.999999940385672
362,0.9999999416744872
363,0.9999999429330051
364,0.9999999441619888
365,0.9999999453621865
366,0.9999999465343209
367,0.9999999476790968
368,0.9999999487972064
369,0.9999999498893137
370,0.9999999509560713
371,0.999999951998113
372,0.9999999530160553
373,0.9999999540104987
374,0.9999999549820293
375,0.9999999559312158
376,0.9999999568586135
377,0.9999999577647606
378,0.9999999586501847
379,0.9999999595153973
380,0.9999999603608962
381,0.9999999611871675
382,0.9999999619946813
383,0.9999999627839001
384,0.9999999635552719
385,0.9999999643092325
386,0.9999999650462069
387,0.9999999657666081
388,0.9999999664708388
389,0.9999999671592913
390,0.9999999678323472
391,0.9999999684903795
392,0.99999996913375
393,0.9999999697628112
394,0.9999999703779066
395,0.9999999709793723
396,0.9999999715675345
397,0.9999999721427075
398,0.9999999727052024
399,0.9999999732553209
400,0.9999999737933545
401,0.9999999743195911
402,0.999999974834308
403,0.9999999753377786
404,0.9999999758302662
405,0.9999999763120281
406,0.9999999767833161
407,0.9999999772443747
408,0.9999999776954426
409,0.9999999781367503
410,0.9999999785685258
411,0.9999999789909892
412,0.9999999794043551
413,0.9999999798088351
414,0.9999999802046315
415,0.9999999805919434
416,0.9999999809709641
417,0.9999999813418834
418,0.9999999817048846
419,0.9999999820601475
420,0.9999999824078467
421,0.9999999827481545
422,0.9999999830812352
423,0.9999999834072506
424,0.9999999837263585
425,0.9999999840387132
426,0.9999999843444622
427,0.9999999846437537
428,0.9999999849367291
429,0.9999999852235255
430,0.9999999855042783
431,0.9999999857791178
432,0.9999999860481736
433,0.9999999863115685
434,0.9999999865694236
435,0.9999999868218566
436,0.9999999870689813
437,0.9999999873109104
438,0.9999999875477512
439,0.999999987779608
440,0.9999999880065843
441,0.9999999882287782
442,0.999999988446287
443,0.9999999886592041
444,0.9999999888676205
445,0.9999999890716228
446,0.9999999892712963
447,0.9999999894667241
448,0.9999999896579856
449,0.9999999898451573
450,0.999999990028313
451,0.9999999902075241
452,0.9999999903828596
453,0.9999999905543859
454,0.9999999907221668
455,0.9999999908862627
456,0.9999999910467317
457,0.9999999912036284
458,0.9999999913570057
459,0.9999999915069135
460,0.9999999916533993
461,0.9999999917965076
462,0.9999999919362785
463,0.999999992072752
464,0.9999999922059635
465,0.999999992335945
466,0.9999999924627276
467,0.9999999925863368
468,0.9999999927067957
469,0.9999999928241262
470,0.9999999929383451
471,0.9999999930494669
472,0.9999999931575014
473,0.9999999932624568
474,0.9999999933643369
475,0.9999999934631423
476,0.9999999935588706
477,0.9999999936515152
478,0.9999999937410664
479,0.9999999938275119
480,0.9999999939108352
481,0.9999999939910166
482,0.9999999940680349
483,0.9999999941418638
484,0.9999999942124761
485,0.9999999942798409
486,0.9999999943439273
487,0.9999999944047017
488,0.9999999944621314
489,0.9999999945161828
490,0.9999999945668243
491,0.9999999946140261
492,0.9999999946577625
493,0.9999999946980127
494,0.9999999947347634
495,0.9999999947680087
496,0.999999994797753
497,0.9999999948240099
498,0.9999999948468022
499,0.9999999948661589
500,0.999999994882105
